* LEAP(TM) 5.1.0.334  днды/06/2005
* й1993-2003 LinearX Systems Inc
* Apr 22, 2021   Thr  3:30 pm
* Design=D:\Tymphany\Projects\_RFQ\Sennheiser_Conference\Simulation\20210315_BBQ.led
* Curve=Impedance_PR: T201100003660
* Info1=
* Info2=
* Info3=
* Info4=
* DataPoints= 400
* DataUnits=  Hz   Ohm  Deg
 +2.000000E+001, +1.802200E+000, +1.160190E+001
 +2.034930E+001, +1.804300E+000, +1.182230E+001
 +2.070460E+001, +1.806500E+000, +1.204760E+001
 +2.106620E+001, +1.808800E+000, +1.227790E+001
 +2.143410E+001, +1.811100E+000, +1.251340E+001
 +2.180840E+001, +1.813600E+000, +1.275430E+001
 +2.218930E+001, +1.816200E+000, +1.300060E+001
 +2.257680E+001, +1.818900E+000, +1.325260E+001
 +2.297100E+001, +1.821800E+000, +1.351050E+001
 +2.337220E+001, +1.824800E+000, +1.377440E+001
 +2.378030E+001, +1.827900E+000, +1.404460E+001
 +2.419560E+001, +1.831200E+000, +1.432130E+001
 +2.461820E+001, +1.834700E+000, +1.460460E+001
 +2.504810E+001, +1.838300E+000, +1.489490E+001
 +2.548550E+001, +1.842100E+000, +1.519230E+001
 +2.593060E+001, +1.846100E+000, +1.549710E+001
 +2.638340E+001, +1.850300E+000, +1.580960E+001
 +2.684410E+001, +1.854800E+000, +1.613010E+001
 +2.731290E+001, +1.859500E+000, +1.645890E+001
 +2.778990E+001, +1.864400E+000, +1.679620E+001
 +2.827520E+001, +1.869600E+000, +1.714250E+001
 +2.876900E+001, +1.875200E+000, +1.749800E+001
 +2.927140E+001, +1.881000E+000, +1.786310E+001
 +2.978260E+001, +1.887200E+000, +1.823820E+001
 +3.030270E+001, +1.893800E+000, +1.862380E+001
 +3.083190E+001, +1.900700E+000, +1.902020E+001
 +3.137030E+001, +1.908100E+000, +1.942790E+001
 +3.191810E+001, +1.916000E+000, +1.984730E+001
 +3.247550E+001, +1.924300E+000, +2.027900E+001
 +3.304270E+001, +1.933200E+000, +2.072350E+001
 +3.361970E+001, +1.942800E+000, +2.118130E+001
 +3.420680E+001, +1.952900E+000, +2.165310E+001
 +3.480420E+001, +1.963800E+000, +2.213930E+001
 +3.541200E+001, +1.975500E+000, +2.264060E+001
 +3.603040E+001, +1.988100E+000, +2.315770E+001
 +3.665960E+001, +2.001600E+000, +2.369130E+001
 +3.729980E+001, +2.016200E+000, +2.424190E+001
 +3.795120E+001, +2.032000E+000, +2.481030E+001
 +3.861400E+001, +2.049100E+000, +2.539710E+001
 +3.928830E+001, +2.067700E+000, +2.600310E+001
 +3.997440E+001, +2.087900E+000, +2.662870E+001
 +4.067250E+001, +2.110000E+000, +2.727470E+001
 +4.138280E+001, +2.134200E+000, +2.794150E+001
 +4.210540E+001, +2.160700E+000, +2.862930E+001
 +4.284070E+001, +2.190000E+000, +2.933840E+001
 +4.358890E+001, +2.222400E+000, +3.006850E+001
 +4.435010E+001, +2.258300E+000, +3.081910E+001
 +4.512460E+001, +2.298400E+000, +3.158900E+001
 +4.591260E+001, +2.343300E+000, +3.237640E+001
 +4.671440E+001, +2.393800E+000, +3.317830E+001
 +4.753020E+001, +2.451000E+000, +3.399040E+001
 +4.836030E+001, +2.516100E+000, +3.480610E+001
 +4.920480E+001, +2.590600E+000, +3.561640E+001
 +5.006410E+001, +2.676400E+000, +3.640820E+001
 +5.093840E+001, +2.776000E+000, +3.716330E+001
 +5.182790E+001, +2.892400E+000, +3.785570E+001
 +5.273300E+001, +3.029700E+000, +3.844900E+001
 +5.365390E+001, +3.192800E+000, +3.889150E+001
 +5.459090E+001, +3.388400E+000, +3.910960E+001
 +5.554420E+001, +3.624500E+000, +3.899800E+001
 +5.651420E+001, +3.911400E+000, +3.840560E+001
 +5.750120E+001, +4.260300E+000, +3.711610E+001
 +5.850530E+001, +4.680900E+000, +3.482540E+001
 +5.952700E+001, +5.172900E+000, +3.112800E+001
 +6.056660E+001, +5.706600E+000, +2.555690E+001
 +6.162430E+001, +6.191600E+000, +1.777560E+001
 +6.270040E+001, +6.464700E+000, +8.013200E+000
 +6.379540E+001, +6.375700E+000, -2.539900E+000
 +6.490950E+001, +5.937900E+000, -1.213230E+001
 +6.604300E+001, +5.321200E+000, -1.952890E+001
 +6.719640E+001, +4.693900E+000, -2.447260E+001
 +6.836980E+001, +4.141300E+000, -2.731160E+001
 +6.956380E+001, +3.685200E+000, -2.855000E+001
 +7.077860E+001, +3.318700E+000, -2.863820E+001
 +7.201470E+001, +3.026700E+000, -2.792540E+001
 +7.327230E+001, +2.794300E+000, -2.666830E+001
 +7.455190E+001, +2.608700E+000, -2.505250E+001
 +7.585380E+001, +2.459800E+000, -2.321110E+001
 +7.717850E+001, +2.339900E+000, -2.123910E+001
 +7.852630E+001, +2.242800E+000, -1.920350E+001
 +7.989760E+001, +2.163900E+000, -1.715110E+001
 +8.129290E+001, +2.099700E+000, -1.511400E+001
 +8.271250E+001, +2.047300E+000, -1.311320E+001
 +8.415700E+001, +2.004600E+000, -1.116200E+001
 +8.562660E+001, +1.969900E+000, -9.268300E+000
 +8.712200E+001, +1.941800E+000, -7.435600E+000
 +8.864340E+001, +1.919200E+000, -5.664900E+000
 +9.019140E+001, +1.901200E+000, -3.955300E+000
 +9.176650E+001, +1.887200E+000, -2.304400E+000
 +9.336900E+001, +1.876700E+000, -7.093801E-001
 +9.499960E+001, +1.869100E+000, +8.333681E-001
 +9.665860E+001, +1.864100E+000, +2.327500E+000
 +9.834660E+001, +1.861400E+000, +3.776900E+000
 +1.000641E+002, +1.860700E+000, +5.185200E+000
 +1.018115E+002, +1.862000E+000, +6.556200E+000
 +1.035895E+002, +1.865000E+000, +7.893300E+000
 +1.053985E+002, +1.869600E+000, +9.199800E+000
 +1.072391E+002, +1.875700E+000, +1.047880E+001
 +1.091119E+002, +1.883300E+000, +1.173340E+001
 +1.110174E+002, +1.892300E+000, +1.296610E+001
 +1.129561E+002, +1.902800E+000, +1.417950E+001
 +1.149287E+002, +1.914600E+000, +1.537590E+001
 +1.169357E+002, +1.927800E+000, +1.655750E+001
 +1.189778E+002, +1.942500E+000, +1.772630E+001
 +1.210556E+002, +1.958600E+000, +1.888390E+001
 +1.231696E+002, +1.976300E+000, +2.003210E+001
 +1.253206E+002, +1.995500E+000, +2.117230E+001
 +1.275091E+002, +2.016400E+000, +2.230590E+001
 +1.297359E+002, +2.039000E+000, +2.343380E+001
 +1.320015E+002, +2.063600E+000, +2.455710E+001
 +1.343067E+002, +2.090100E+000, +2.567670E+001
 +1.366521E+002, +2.118800E+000, +2.679310E+001
 +1.390386E+002, +2.149800E+000, +2.790690E+001
 +1.414666E+002, +2.183400E+000, +2.901820E+001
 +1.439371E+002, +2.219600E+000, +3.012720E+001
 +1.464508E+002, +2.258900E+000, +3.123380E+001
 +1.490083E+002, +2.301500E+000, +3.233750E+001
 +1.516105E+002, +2.347700E+000, +3.343760E+001
 +1.542581E+002, +2.397800E+000, +3.453330E+001
 +1.569520E+002, +2.452400E+000, +3.562320E+001
 +1.596929E+002, +2.511800E+000, +3.670560E+001
 +1.624817E+002, +2.576700E+000, +3.777840E+001
 +1.653192E+002, +2.647700E+000, +3.883890E+001
 +1.682062E+002, +2.725500E+000, +3.988400E+001
 +1.711437E+002, +2.811000E+000, +4.090950E+001
 +1.741324E+002, +2.905300E+000, +4.191060E+001
 +1.771734E+002, +3.009400E+000, +4.288150E+001
 +1.802674E+002, +3.124900E+000, +4.381510E+001
 +1.834155E+002, +3.253400E+000, +4.470280E+001
 +1.866185E+002, +3.396900E+000, +4.553410E+001
 +1.898775E+002, +3.557700E+000, +4.629630E+001
 +1.931935E+002, +3.738900E+000, +4.697340E+001
 +1.965673E+002, +3.943800E+000, +4.754620E+001
 +2.000000E+002, +4.176800E+000, +4.799030E+001
 +2.034927E+002, +4.443200E+000, +4.827520E+001
 +2.070464E+002, +4.749500E+000, +4.836190E+001
 +2.106621E+002, +5.103800E+000, +4.820060E+001
 +2.143410E+002, +5.515900E+000, +4.772630E+001
 +2.180841E+002, +5.997800E+000, +4.685400E+001
 +2.218926E+002, +6.563600E+000, +4.547170E+001
 +2.257676E+002, +7.228200E+000, +4.343140E+001
 +2.297102E+002, +8.004900E+000, +4.054060E+001
 +2.337218E+002, +8.897800E+000, +3.655760E+001
 +2.378033E+002, +9.886100E+000, +3.120690E+001
 +2.419562E+002, +1.089730E+001, +2.424170E+001
 +2.461816E+002, +1.178050E+001, +1.559390E+001
 +2.504808E+002, +1.232030E+001, +5.590800E+000
 +2.548550E+002, +1.234110E+001, -4.942400E+000
 +2.593056E+002, +1.184150E+001, -1.494190E+001
 +2.638340E+002, +1.099420E+001, -2.359050E+001
 +2.684414E+002, +1.001300E+001, -3.056990E+001
 +2.731293E+002, +9.048400E+000, -3.595330E+001
 +2.778991E+002, +8.173600E+000, -3.998870E+001
 +2.827522E+002, +7.410400E+000, -4.295110E+001
 +2.876900E+002, +6.755800E+000, -4.508080E+001
 +2.927140E+002, +6.197500E+000, -4.656910E+001
 +2.978258E+002, +5.721100E+000, -4.756260E+001
 +3.030269E+002, +5.312900E+000, -4.817240E+001
 +3.083187E+002, +4.961500E+000, -4.848240E+001
 +3.137030E+002, +4.657200E+000, -4.855670E+001
 +3.191814E+002, +4.392100E+000, -4.844450E+001
 +3.247553E+002, +4.159800E+000, -4.818400E+001
 +3.304267E+002, +3.955200E+000, -4.780510E+001
 +3.361971E+002, +3.774000E+000, -4.733150E+001
 +3.420682E+002, +3.612800E+000, -4.678220E+001
 +3.480419E+002, +3.468800E+000, -4.617250E+001
 +3.541199E+002, +3.339500E+000, -4.551470E+001
 +3.603040E+002, +3.223000E+000, -4.481900E+001
 +3.665961E+002, +3.117700E+000, -4.409380E+001
 +3.729982E+002, +3.022100E+000, -4.334580E+001
 +3.795120E+002, +2.935200E+000, -4.258090E+001
 +3.861395E+002, +2.855900E+000, -4.180370E+001
 +3.928829E+002, +2.783300E+000, -4.101820E+001
 +3.997439E+002, +2.716800E+000, -4.022780E+001
 +4.067248E+002, +2.655600E+000, -3.943510E+001
 +4.138276E+002, +2.599200E+000, -3.864250E+001
 +4.210545E+002, +2.547100E+000, -3.785200E+001
 +4.284075E+002, +2.499000E+000, -3.706510E+001
 +4.358890E+002, +2.454300E+000, -3.628310E+001
 +4.435011E+002, +2.412900E+000, -3.550720E+001
 +4.512461E+002, +2.374300E+000, -3.473820E+001
 +4.591264E+002, +2.338500E+000, -3.397690E+001
 +4.671443E+002, +2.305000E+000, -3.322390E+001
 +4.753022E+002, +2.273700E+000, -3.247970E+001
 +4.836026E+002, +2.244500E+000, -3.174450E+001
 +4.920480E+002, +2.217200E+000, -3.101880E+001
 +5.006408E+002, +2.191500E+000, -3.030270E+001
 +5.093837E+002, +2.167400E+000, -2.959620E+001
 +5.182793E+002, +2.144800E+000, -2.889960E+001
 +5.273302E+002, +2.123600E+000, -2.821280E+001
 +5.365392E+002, +2.103600E+000, -2.753580E+001
 +5.459090E+002, +2.084700E+000, -2.686860E+001
 +5.554424E+002, +2.067000E+000, -2.621110E+001
 +5.651423E+002, +2.050200E+000, -2.556310E+001
 +5.750116E+002, +2.034400E+000, -2.492460E+001
 +5.850533E+002, +2.019400E+000, -2.429550E+001
 +5.952703E+002, +2.005300E+000, -2.367550E+001
 +6.056657E+002, +1.991900E+000, -2.306450E+001
 +6.162427E+002, +1.979200E+000, -2.246230E+001
 +6.270044E+002, +1.967200E+000, -2.186870E+001
 +6.379540E+002, +1.955900E+000, -2.128360E+001
 +6.490949E+002, +1.945100E+000, -2.070680E+001
 +6.604303E+002, +1.934900E+000, -2.013790E+001
 +6.719637E+002, +1.925200E+000, -1.957690E+001
 +6.836984E+002, +1.916000E+000, -1.902360E+001
 +6.956381E+002, +1.907200E+000, -1.847770E+001
 +7.077863E+002, +1.898900E+000, -1.793890E+001
 +7.201467E+002, +1.891000E+000, -1.740720E+001
 +7.327229E+002, +1.883500E+000, -1.688240E+001
 +7.455187E+002, +1.876300E+000, -1.636410E+001
 +7.585380E+002, +1.869600E+000, -1.585220E+001
 +7.717847E+002, +1.863100E+000, -1.534650E+001
 +7.852627E+002, +1.857000E+000, -1.484690E+001
 +7.989760E+002, +1.851100E+000, -1.435300E+001
 +8.129289E+002, +1.845600E+000, -1.386480E+001
 +8.271254E+002, +1.840300E+000, -1.338200E+001
 +8.415698E+002, +1.835300E+000, -1.290440E+001
 +8.562665E+002, +1.830500E+000, -1.243180E+001
 +8.712198E+002, +1.826000E+000, -1.196420E+001
 +8.864343E+002, +1.821700E+000, -1.150120E+001
 +9.019144E+002, +1.817600E+000, -1.104280E+001
 +9.176649E+002, +1.813700E+000, -1.058870E+001
 +9.336905E+002, +1.810000E+000, -1.013870E+001
 +9.499959E+002, +1.806500E+000, -9.692700E+000
 +9.665860E+002, +1.803200E+000, -9.250600E+000
 +9.834659E+002, +1.800100E+000, -8.812200E+000
 +1.000600E+003, +1.797100E+000, -8.377200E+000
 +1.018100E+003, +1.794300E+000, -7.945600E+000
 +1.035900E+003, +1.791700E+000, -7.517200E+000
 +1.054000E+003, +1.789200E+000, -7.091900E+000
 +1.072400E+003, +1.786800E+000, -6.669400E+000
 +1.091100E+003, +1.784600E+000, -6.249700E+000
 +1.110200E+003, +1.782600E+000, -5.832600E+000
 +1.129600E+003, +1.780600E+000, -5.417900E+000
 +1.149300E+003, +1.778800E+000, -5.005600E+000
 +1.169400E+003, +1.777100E+000, -4.595400E+000
 +1.189800E+003, +1.775600E+000, -4.187200E+000
 +1.210600E+003, +1.774100E+000, -3.781000E+000
 +1.231700E+003, +1.772800E+000, -3.376500E+000
 +1.253200E+003, +1.771600E+000, -2.973700E+000
 +1.275100E+003, +1.770500E+000, -2.572400E+000
 +1.297400E+003, +1.769500E+000, -2.172500E+000
 +1.320000E+003, +1.768600E+000, -1.773800E+000
 +1.343100E+003, +1.767800E+000, -1.376200E+000
 +1.366500E+003, +1.767100E+000, -9.797164E-001
 +1.390400E+003, +1.766600E+000, -5.840835E-001
 +1.414700E+003, +1.766100E+000, -1.892263E-001
 +1.439400E+003, +1.765700E+000, +2.049716E-001
 +1.464500E+003, +1.765400E+000, +5.986251E-001
 +1.490100E+003, +1.765200E+000, +9.918473E-001
 +1.516100E+003, +1.765200E+000, +1.384800E+000
 +1.542600E+003, +1.765200E+000, +1.777400E+000
 +1.569500E+003, +1.765300E+000, +2.170000E+000
 +1.596900E+003, +1.765500E+000, +2.562600E+000
 +1.624800E+003, +1.765800E+000, +2.955300E+000
 +1.653200E+003, +1.766100E+000, +3.348300E+000
 +1.682100E+003, +1.766600E+000, +3.741500E+000
 +1.711400E+003, +1.767200E+000, +4.135200E+000
 +1.741300E+003, +1.767900E+000, +4.529300E+000
 +1.771700E+003, +1.768600E+000, +4.924100E+000
 +1.802700E+003, +1.769500E+000, +5.319700E+000
 +1.834200E+003, +1.770500E+000, +5.716000E+000
 +1.866200E+003, +1.771500E+000, +6.113200E+000
 +1.898800E+003, +1.772700E+000, +6.511400E+000
 +1.931900E+003, +1.773900E+000, +6.910700E+000
 +1.965700E+003, +1.775300E+000, +7.311100E+000
 +2.000000E+003, +1.776700E+000, +7.712800E+000
 +2.034900E+003, +1.778300E+000, +8.115900E+000
 +2.070500E+003, +1.779900E+000, +8.520400E+000
 +2.106600E+003, +1.781700E+000, +8.926400E+000
 +2.143400E+003, +1.783600E+000, +9.333900E+000
 +2.180800E+003, +1.785600E+000, +9.743200E+000
 +2.218900E+003, +1.787700E+000, +1.015420E+001
 +2.257700E+003, +1.789900E+000, +1.056690E+001
 +2.297100E+003, +1.792200E+000, +1.098160E+001
 +2.337200E+003, +1.794600E+000, +1.139830E+001
 +2.378000E+003, +1.797200E+000, +1.181690E+001
 +2.419600E+003, +1.799900E+000, +1.223770E+001
 +2.461800E+003, +1.802700E+000, +1.266060E+001
 +2.504800E+003, +1.805600E+000, +1.308570E+001
 +2.548500E+003, +1.808700E+000, +1.351310E+001
 +2.593100E+003, +1.811900E+000, +1.394290E+001
 +2.638300E+003, +1.815200E+000, +1.437500E+001
 +2.684400E+003, +1.818700E+000, +1.480960E+001
 +2.731300E+003, +1.822300E+000, +1.524660E+001
 +2.779000E+003, +1.826100E+000, +1.568620E+001
 +2.827500E+003, +1.830000E+000, +1.612830E+001
 +2.876900E+003, +1.834100E+000, +1.657310E+001
 +2.927100E+003, +1.838300E+000, +1.702060E+001
 +2.978300E+003, +1.842700E+000, +1.747070E+001
 +3.030300E+003, +1.847300E+000, +1.792350E+001
 +3.083200E+003, +1.852000E+000, +1.837910E+001
 +3.137000E+003, +1.857000E+000, +1.883750E+001
 +3.191800E+003, +1.862000E+000, +1.929870E+001
 +3.247600E+003, +1.867300E+000, +1.976270E+001
 +3.304300E+003, +1.872800E+000, +2.022950E+001
 +3.362000E+003, +1.878400E+000, +2.069920E+001
 +3.420700E+003, +1.884300E+000, +2.117170E+001
 +3.480400E+003, +1.890400E+000, +2.164710E+001
 +3.541200E+003, +1.896600E+000, +2.212530E+001
 +3.603000E+003, +1.903100E+000, +2.260640E+001
 +3.666000E+003, +1.909800E+000, +2.309040E+001
 +3.730000E+003, +1.916800E+000, +2.357710E+001
 +3.795100E+003, +1.924000E+000, +2.406670E+001
 +3.861400E+003, +1.931400E+000, +2.455910E+001
 +3.928800E+003, +1.939000E+000, +2.505420E+001
 +3.997400E+003, +1.946900E+000, +2.555210E+001
 +4.067200E+003, +1.955100E+000, +2.605270E+001
 +4.138300E+003, +1.963500E+000, +2.655600E+001
 +4.210500E+003, +1.972200E+000, +2.706190E+001
 +4.284100E+003, +1.981200E+000, +2.757040E+001
 +4.358900E+003, +1.990500E+000, +2.808140E+001
 +4.435000E+003, +2.000100E+000, +2.859490E+001
 +4.512500E+003, +2.009900E+000, +2.911080E+001
 +4.591300E+003, +2.020100E+000, +2.962910E+001
 +4.671400E+003, +2.030600E+000, +3.014960E+001
 +4.753000E+003, +2.041400E+000, +3.067230E+001
 +4.836000E+003, +2.052600E+000, +3.119720E+001
 +4.920500E+003, +2.064100E+000, +3.172410E+001
 +5.006400E+003, +2.076000E+000, +3.225300E+001
 +5.093800E+003, +2.088200E+000, +3.278370E+001
 +5.182800E+003, +2.100700E+000, +3.331620E+001
 +5.273300E+003, +2.113700E+000, +3.385030E+001
 +5.365400E+003, +2.127000E+000, +3.438610E+001
 +5.459100E+003, +2.140800E+000, +3.492320E+001
 +5.554400E+003, +2.154900E+000, +3.546170E+001
 +5.651400E+003, +2.169500E+000, +3.600140E+001
 +5.750100E+003, +2.184500E+000, +3.654220E+001
 +5.850500E+003, +2.199900E+000, +3.708400E+001
 +5.952700E+003, +2.215700E+000, +3.762670E+001
 +6.056700E+003, +2.232100E+000, +3.817000E+001
 +6.162400E+003, +2.248800E+000, +3.871390E+001
 +6.270000E+003, +2.266100E+000, +3.925830E+001
 +6.379500E+003, +2.283800E+000, +3.980300E+001
 +6.490900E+003, +2.302100E+000, +4.034780E+001
 +6.604300E+003, +2.320800E+000, +4.089270E+001
 +6.719600E+003, +2.340100E+000, +4.143740E+001
 +6.837000E+003, +2.359900E+000, +4.198190E+001
 +6.956400E+003, +2.380200E+000, +4.252600E+001
 +7.077900E+003, +2.401100E+000, +4.306950E+001
 +7.201500E+003, +2.422500E+000, +4.361220E+001
 +7.327200E+003, +2.444500E+000, +4.415420E+001
 +7.455200E+003, +2.467100E+000, +4.469510E+001
 +7.585400E+003, +2.490300E+000, +4.523480E+001
 +7.717800E+003, +2.514200E+000, +4.577330E+001
 +7.852600E+003, +2.538600E+000, +4.631030E+001
 +7.989800E+003, +2.563600E+000, +4.684570E+001
 +8.129300E+003, +2.589400E+000, +4.737940E+001
 +8.271300E+003, +2.615700E+000, +4.791110E+001
 +8.415700E+003, +2.642800E+000, +4.844090E+001
 +8.562700E+003, +2.670500E+000, +4.896840E+001
 +8.712200E+003, +2.698900E+000, +4.949370E+001
 +8.864300E+003, +2.728000E+000, +5.001640E+001
 +9.019100E+003, +2.757900E+000, +5.053660E+001
 +9.176600E+003, +2.788500E+000, +5.105410E+001
 +9.336900E+003, +2.819800E+000, +5.156860E+001
 +9.500000E+003, +2.851900E+000, +5.208020E+001
 +9.665900E+003, +2.884700E+000, +5.258870E+001
 +9.834700E+003, +2.918400E+000, +5.309390E+001
 +1.000640E+004, +2.952800E+000, +5.359580E+001
 +1.018120E+004, +2.988100E+000, +5.409420E+001
 +1.035890E+004, +3.024200E+000, +5.458900E+001
 +1.053990E+004, +3.061100E+000, +5.508010E+001
 +1.072390E+004, +3.098900E+000, +5.556750E+001
 +1.091120E+004, +3.137600E+000, +5.605100E+001
 +1.110170E+004, +3.177100E+000, +5.653050E+001
 +1.129560E+004, +3.217500E+000, +5.700600E+001
 +1.149290E+004, +3.258900E+000, +5.747750E+001
 +1.169360E+004, +3.301100E+000, +5.794470E+001
 +1.189780E+004, +3.344400E+000, +5.840770E+001
 +1.210560E+004, +3.388500E+000, +5.886650E+001
 +1.231700E+004, +3.433700E+000, +5.932090E+001
 +1.253210E+004, +3.479800E+000, +5.977090E+001
 +1.275090E+004, +3.526900E+000, +6.021650E+001
 +1.297360E+004, +3.575000E+000, +6.065760E+001
 +1.320020E+004, +3.624200E+000, +6.109420E+001
 +1.343070E+004, +3.674400E+000, +6.152620E+001
 +1.366520E+004, +3.725700E+000, +6.195370E+001
 +1.390390E+004, +3.778100E+000, +6.237650E+001
 +1.414670E+004, +3.831600E+000, +6.279470E+001
 +1.439370E+004, +3.886200E+000, +6.320820E+001
 +1.464510E+004, +3.941900E+000, +6.361700E+001
 +1.490080E+004, +3.998800E+000, +6.402120E+001
 +1.516100E+004, +4.056900E+000, +6.442060E+001
 +1.542580E+004, +4.116200E+000, +6.481530E+001
 +1.569520E+004, +4.176600E+000, +6.520530E+001
 +1.596930E+004, +4.238300E+000, +6.559050E+001
 +1.624820E+004, +4.301300E+000, +6.597110E+001
 +1.653190E+004, +4.365500E+000, +6.634690E+001
 +1.682060E+004, +4.431100E+000, +6.671790E+001
 +1.711440E+004, +4.497900E+000, +6.708430E+001
 +1.741320E+004, +4.566100E+000, +6.744590E+001
 +1.771730E+004, +4.635600E+000, +6.780280E+001
 +1.802670E+004, +4.706500E+000, +6.815500E+001
 +1.834150E+004, +4.778900E+000, +6.850250E+001
 +1.866190E+004, +4.852600E+000, +6.884530E+001
 +1.898780E+004, +4.927800E+000, +6.918350E+001
 +1.931930E+004, +5.004400E+000, +6.951710E+001
 +1.965670E+004, +5.082600E+000, +6.984600E+001
 +2.000000E+004, +5.162200E+000, +7.017040E+001
