* LEAP(TM) 5.1.0.334  §≠§Î/06/2005
* ©1993-2003 LinearX Systems Inc
* Apr 27, 2021   Tue 10:43 am
* Design=C:\Users\tong.wang\OneDrive - ∞Í•ﬂ•x∆W§jæ«\Æ‡≠±\Matlab tools\20210315_BBQ.led
* Curve=SPL_PR: T201100003660
* Info1=
* Info2=
* Info3=
* Info4=
* DataPoints= 400
* DataUnits=  Hz  dBSPL  Deg
 +2.000000E+001, +2.812833E+001, +1.699508E+002
 +2.034930E+001, +2.832210E+001, +1.698292E+002
 +2.070460E+001, +2.851006E+001, +1.697109E+002
 +2.106620E+001, +2.869177E+001, +1.695968E+002
 +2.143410E+001, +2.886678E+001, +1.694875E+002
 +2.180840E+001, +2.903458E+001, +1.693841E+002
 +2.218930E+001, +2.919461E+001, +1.692878E+002
 +2.257680E+001, +2.934625E+001, +1.691997E+002
 +2.297100E+001, +2.948880E+001, +1.691216E+002
 +2.337220E+001, +2.962150E+001, +1.690551E+002
 +2.378030E+001, +2.974349E+001, +1.690024E+002
 +2.419560E+001, +2.985381E+001, +1.689660E+002
 +2.461820E+001, +2.995137E+001, +1.689488E+002
 +2.504810E+001, +3.003495E+001, +1.689546E+002
 +2.548550E+001, +3.010316E+001, +1.689874E+002
 +2.593060E+001, +3.015443E+001, +1.690526E+002
 +2.638340E+001, +3.018695E+001, +1.691564E+002
 +2.684410E+001, +3.019863E+001, +1.693066E+002
 +2.731290E+001, +3.018709E+001, +1.695130E+002
 +2.778990E+001, +3.014952E+001, +1.697874E+002
 +2.827520E+001, +3.008270E+001, +1.701454E+002
 +2.876900E+001, +2.998279E+001, +1.706064E+002
 +2.927140E+001, +2.984534E+001, +1.711959E+002
 +2.978260E+001, +2.966504E+001, +1.719475E+002
 +3.030270E+001, +2.943566E+001, +1.729061E+002
 +3.083190E+001, +2.914991E+001, +1.741330E+002
 +3.137030E+001, +2.879932E+001, +1.757132E+002
 +3.191810E+001, +2.837451E+001, +1.777678E+002
 +3.247550E+001, +2.786596E+001, -1.795287E+002
 +3.304270E+001, +2.726638E+001, -1.759194E+002
 +3.361970E+001, +2.657687E+001, -1.710254E+002
 +3.420680E+001, +2.582148E+001, -1.643029E+002
 +3.480420E+001, +2.507811E+001, -1.550538E+002
 +3.541200E+001, +2.452609E+001, -1.426778E+002
 +3.603040E+001, +2.445598E+001, -1.274390E+002
 +3.665960E+001, +2.511064E+001, -1.112613E+002
 +3.729980E+001, +2.644046E+001, -9.681740E+001
 +3.795120E+001, +2.816016E+001, -8.552880E+001
 +3.861400E+001, +3.000572E+001, -7.729560E+001
 +3.928830E+001, +3.183289E+001, -7.143650E+001
 +3.997440E+001, +3.358440E+001, -6.729030E+001
 +4.067250E+001, +3.524532E+001, -6.436720E+001
 +4.138280E+001, +3.681905E+001, -6.233110E+001
 +4.210540E+001, +3.831327E+001, -6.095540E+001
 +4.284070E+001, +3.973767E+001, -6.008680E+001
 +4.358890E+001, +4.110260E+001, -5.961970E+001
 +4.435010E+001, +4.241543E+001, -5.948070E+001
 +4.512460E+001, +4.368332E+001, -5.961840E+001
 +4.591260E+001, +4.491272E+001, -5.999630E+001
 +4.671440E+001, +4.610832E+001, -6.058890E+001
 +4.753020E+001, +4.727412E+001, -6.137840E+001
 +4.836030E+001, +4.841413E+001, -6.235340E+001
 +4.920480E+001, +4.953055E+001, -6.350650E+001
 +5.006410E+001, +5.062613E+001, -6.483430E+001
 +5.093840E+001, +5.170222E+001, -6.633610E+001
 +5.182790E+001, +5.276020E+001, -6.801350E+001
 +5.273300E+001, +5.380082E+001, -6.986980E+001
 +5.365390E+001, +5.482414E+001, -7.190980E+001
 +5.459090E+001, +5.583002E+001, -7.413890E+001
 +5.554420E+001, +5.681767E+001, -7.656310E+001
 +5.651420E+001, +5.778564E+001, -7.918810E+001
 +5.750120E+001, +5.873218E+001, -8.201850E+001
 +5.850530E+001, +5.965478E+001, -8.505720E+001
 +5.952700E+001, +6.055054E+001, -8.830420E+001
 +6.056660E+001, +6.141612E+001, -9.175580E+001
 +6.162430E+001, +6.224784E+001, -9.540350E+001
 +6.270040E+001, +6.304194E+001, -9.923320E+001
 +6.379540E+001, +6.379475E+001, -1.032246E+002
 +6.490950E+001, +6.450293E+001, -1.073510E+002
 +6.604300E+001, +6.516388E+001, -1.115802E+002
 +6.719640E+001, +6.577591E+001, -1.158754E+002
 +6.836980E+001, +6.633846E+001, -1.201971E+002
 +6.956380E+001, +6.685220E+001, -1.245053E+002
 +7.077860E+001, +6.731898E+001, -1.287620E+002
 +7.201470E+001, +6.774171E+001, -1.329328E+002
 +7.327230E+001, +6.812409E+001, -1.369886E+002
 +7.455190E+001, +6.847044E+001, -1.409067E+002
 +7.585380E+001, +6.878531E+001, -1.446709E+002
 +7.717850E+001, +6.907326E+001, -1.482712E+002
 +7.852630E+001, +6.933872E+001, -1.517029E+002
 +7.989760E+001, +6.958575E+001, -1.549661E+002
 +8.129290E+001, +6.981802E+001, -1.580644E+002
 +8.271250E+001, +7.003881E+001, -1.610040E+002
 +8.415700E+001, +7.025090E+001, -1.637932E+002
 +8.562660E+001, +7.045663E+001, -1.664411E+002
 +8.712200E+001, +7.065799E+001, -1.689577E+002
 +8.864340E+001, +7.085660E+001, -1.713529E+002
 +9.019140E+001, +7.105378E+001, -1.736369E+002
 +9.176650E+001, +7.125059E+001, -1.758192E+002
 +9.336900E+001, +7.144788E+001, -1.779090E+002
 +9.499960E+001, +7.164628E+001, -1.799150E+002
 +9.665860E+001, +7.184631E+001, +1.781545E+002
 +9.834660E+001, +7.204834E+001, +1.762922E+002
 +1.000641E+002, +7.225264E+001, +1.744908E+002
 +1.018115E+002, +7.245938E+001, +1.727441E+002
 +1.035895E+002, +7.266870E+001, +1.710459E+002
 +1.053985E+002, +7.288064E+001, +1.693909E+002
 +1.072391E+002, +7.309522E+001, +1.677739E+002
 +1.091119E+002, +7.331242E+001, +1.661902E+002
 +1.110174E+002, +7.353218E+001, +1.646357E+002
 +1.129561E+002, +7.375443E+001, +1.631062E+002
 +1.149287E+002, +7.397906E+001, +1.615982E+002
 +1.169357E+002, +7.420597E+001, +1.601082E+002
 +1.189778E+002, +7.443503E+001, +1.586330E+002
 +1.210556E+002, +7.466608E+001, +1.571699E+002
 +1.231696E+002, +7.489899E+001, +1.557160E+002
 +1.253206E+002, +7.513360E+001, +1.542688E+002
 +1.275091E+002, +7.536974E+001, +1.528260E+002
 +1.297359E+002, +7.560724E+001, +1.513853E+002
 +1.320015E+002, +7.584593E+001, +1.499448E+002
 +1.343067E+002, +7.608562E+001, +1.485023E+002
 +1.366521E+002, +7.632611E+001, +1.470563E+002
 +1.390386E+002, +7.656723E+001, +1.456049E+002
 +1.414666E+002, +7.680876E+001, +1.441466E+002
 +1.439371E+002, +7.705050E+001, +1.426799E+002
 +1.464508E+002, +7.729224E+001, +1.412035E+002
 +1.490083E+002, +7.753377E+001, +1.397160E+002
 +1.516105E+002, +7.777485E+001, +1.382164E+002
 +1.542581E+002, +7.801525E+001, +1.367036E+002
 +1.569520E+002, +7.825476E+001, +1.351766E+002
 +1.596929E+002, +7.849312E+001, +1.336345E+002
 +1.624817E+002, +7.873009E+001, +1.320766E+002
 +1.653192E+002, +7.896542E+001, +1.305022E+002
 +1.682062E+002, +7.919885E+001, +1.289108E+002
 +1.711437E+002, +7.943012E+001, +1.273021E+002
 +1.741324E+002, +7.965898E+001, +1.256756E+002
 +1.771734E+002, +7.988515E+001, +1.240312E+002
 +1.802674E+002, +8.010836E+001, +1.223688E+002
 +1.834155E+002, +8.032836E+001, +1.206886E+002
 +1.866185E+002, +8.054487E+001, +1.189908E+002
 +1.898775E+002, +8.075762E+001, +1.172756E+002
 +1.931935E+002, +8.096635E+001, +1.155436E+002
 +1.965673E+002, +8.117081E+001, +1.137955E+002
 +2.000000E+002, +8.137075E+001, +1.120319E+002
 +2.034927E+002, +8.156593E+001, +1.102538E+002
 +2.070464E+002, +8.175611E+001, +1.084623E+002
 +2.106621E+002, +8.194108E+001, +1.066585E+002
 +2.143410E+002, +8.212064E+001, +1.048438E+002
 +2.180841E+002, +8.229461E+001, +1.030194E+002
 +2.218926E+002, +8.246281E+001, +1.011871E+002
 +2.257676E+002, +8.262510E+001, +9.934830E+001
 +2.297102E+002, +8.278135E+001, +9.750490E+001
 +2.337218E+002, +8.293147E+001, +9.565850E+001
 +2.378033E+002, +8.307537E+001, +9.381100E+001
 +2.419562E+002, +8.321301E+001, +9.196430E+001
 +2.461816E+002, +8.334434E+001, +9.012020E+001
 +2.504808E+002, +8.346938E+001, +8.828060E+001
 +2.548550E+002, +8.358814E+001, +8.644750E+001
 +2.593056E+002, +8.370066E+001, +8.462260E+001
 +2.638340E+002, +8.380702E+001, +8.280770E+001
 +2.684414E+002, +8.390730E+001, +8.100470E+001
 +2.731293E+002, +8.400162E+001, +7.921500E+001
 +2.778991E+002, +8.409010E+001, +7.744040E+001
 +2.827522E+002, +8.417290E+001, +7.568230E+001
 +2.876900E+002, +8.425018E+001, +7.394220E+001
 +2.927140E+002, +8.432211E+001, +7.222110E+001
 +2.978258E+002, +8.438888E+001, +7.052040E+001
 +3.030269E+002, +8.445069E+001, +6.884110E+001
 +3.083187E+002, +8.450774E+001, +6.718400E+001
 +3.137030E+002, +8.456025E+001, +6.555000E+001
 +3.191814E+002, +8.460842E+001, +6.393970E+001
 +3.247553E+002, +8.465248E+001, +6.235370E+001
 +3.304267E+002, +8.469263E+001, +6.079250E+001
 +3.361971E+002, +8.472909E+001, +5.925630E+001
 +3.420682E+002, +8.476207E+001, +5.774550E+001
 +3.480419E+002, +8.479179E+001, +5.626020E+001
 +3.541199E+002, +8.481843E+001, +5.480030E+001
 +3.603040E+002, +8.484221E+001, +5.336600E+001
 +3.665961E+002, +8.486331E+001, +5.195700E+001
 +3.729982E+002, +8.488191E+001, +5.057330E+001
 +3.795120E+002, +8.489819E+001, +4.921450E+001
 +3.861395E+002, +8.491233E+001, +4.788040E+001
 +3.928829E+002, +8.492447E+001, +4.657060E+001
 +3.997439E+002, +8.493479E+001, +4.528480E+001
 +4.067248E+002, +8.494342E+001, +4.402250E+001
 +4.138276E+002, +8.495049E+001, +4.278330E+001
 +4.210545E+002, +8.495614E+001, +4.156670E+001
 +4.284075E+002, +8.496050E+001, +4.037210E+001
 +4.358890E+002, +8.496368E+001, +3.919910E+001
 +4.435011E+002, +8.496578E+001, +3.804710E+001
 +4.512461E+002, +8.496690E+001, +3.691550E+001
 +4.591264E+002, +8.496715E+001, +3.580390E+001
 +4.671443E+002, +8.496660E+001, +3.471150E+001
 +4.753022E+002, +8.496534E+001, +3.363800E+001
 +4.836026E+002, +8.496345E+001, +3.258260E+001
 +4.920480E+002, +8.496099E+001, +3.154480E+001
 +5.006408E+002, +8.495803E+001, +3.052400E+001
 +5.093837E+002, +8.495464E+001, +2.951980E+001
 +5.182793E+002, +8.495085E+001, +2.853150E+001
 +5.273302E+002, +8.494674E+001, +2.755850E+001
 +5.365392E+002, +8.494234E+001, +2.660040E+001
 +5.459090E+002, +8.493771E+001, +2.565660E+001
 +5.554424E+002, +8.493286E+001, +2.472650E+001
 +5.651423E+002, +8.492786E+001, +2.380980E+001
 +5.750116E+002, +8.492272E+001, +2.290570E+001
 +5.850533E+002, +8.491749E+001, +2.201390E+001
 +5.952703E+002, +8.491218E+001, +2.113390E+001
 +6.056657E+002, +8.490682E+001, +2.026520E+001
 +6.162427E+002, +8.490144E+001, +1.940720E+001
 +6.270044E+002, +8.489606E+001, +1.855970E+001
 +6.379540E+002, +8.489070E+001, +1.772200E+001
 +6.490949E+002, +8.488537E+001, +1.689380E+001
 +6.604303E+002, +8.488010E+001, +1.607470E+001
 +6.719637E+002, +8.487489E+001, +1.526420E+001
 +6.836984E+002, +8.486975E+001, +1.446190E+001
 +6.956381E+002, +8.486471E+001, +1.366740E+001
 +7.077863E+002, +8.485978E+001, +1.288040E+001
 +7.201467E+002, +8.485495E+001, +1.210040E+001
 +7.327229E+002, +8.485024E+001, +1.132710E+001
 +7.455187E+002, +8.484566E+001, +1.056000E+001
 +7.585380E+002, +8.484121E+001, +9.799000E+000
 +7.717847E+002, +8.483691E+001, +9.043500E+000
 +7.852627E+002, +8.483275E+001, +8.293300E+000
 +7.989760E+002, +8.482874E+001, +7.548100E+000
 +8.129289E+002, +8.482489E+001, +6.807400E+000
 +8.271254E+002, +8.482120E+001, +6.071000E+000
 +8.415698E+002, +8.481768E+001, +5.338500E+000
 +8.562665E+002, +8.481432E+001, +4.609800E+000
 +8.712198E+002, +8.481113E+001, +3.884300E+000
 +8.864343E+002, +8.480812E+001, +3.161900E+000
 +9.019144E+002, +8.480528E+001, +2.442300E+000
 +9.176649E+002, +8.480263E+001, +1.725100E+000
 +9.336905E+002, +8.480015E+001, +1.010100E+000
 +9.499959E+002, +8.479785E+001, +2.970255E-001
 +9.665860E+002, +8.479574E+001, -4.144261E-001
 +9.834659E+002, +8.479382E+001, -1.124500E+000
 +1.000600E+003, +8.479209E+001, -1.833500E+000
 +1.018100E+003, +8.479054E+001, -2.541700E+000
 +1.035900E+003, +8.478919E+001, -3.249300E+000
 +1.054000E+003, +8.478803E+001, -3.956500E+000
 +1.072400E+003, +8.478707E+001, -4.663700E+000
 +1.091100E+003, +8.478631E+001, -5.371100E+000
 +1.110200E+003, +8.478575E+001, -6.079000E+000
 +1.129600E+003, +8.478539E+001, -6.787500E+000
 +1.149300E+003, +8.478524E+001, -7.496900E+000
 +1.169400E+003, +8.478529E+001, -8.207500E+000
 +1.189800E+003, +8.478556E+001, -8.919400E+000
 +1.210600E+003, +8.478604E+001, -9.633000E+000
 +1.231700E+003, +8.478674E+001, -1.034850E+001
 +1.253200E+003, +8.478765E+001, -1.106610E+001
 +1.275100E+003, +8.478879E+001, -1.178600E+001
 +1.297400E+003, +8.479015E+001, -1.250850E+001
 +1.320000E+003, +8.479174E+001, -1.323370E+001
 +1.343100E+003, +8.479357E+001, -1.396200E+001
 +1.366500E+003, +8.479564E+001, -1.469350E+001
 +1.390400E+003, +8.479795E+001, -1.542850E+001
 +1.414700E+003, +8.480050E+001, -1.616720E+001
 +1.439400E+003, +8.480331E+001, -1.690980E+001
 +1.464500E+003, +8.480637E+001, -1.765650E+001
 +1.490100E+003, +8.480969E+001, -1.840760E+001
 +1.516100E+003, +8.481328E+001, -1.916330E+001
 +1.542600E+003, +8.481715E+001, -1.992380E+001
 +1.569500E+003, +8.482128E+001, -2.068940E+001
 +1.596900E+003, +8.482571E+001, -2.146020E+001
 +1.624800E+003, +8.483042E+001, -2.223640E+001
 +1.653200E+003, +8.483542E+001, -2.301840E+001
 +1.682100E+003, +8.484073E+001, -2.380630E+001
 +1.711400E+003, +8.484634E+001, -2.460040E+001
 +1.741300E+003, +8.485227E+001, -2.540080E+001
 +1.771700E+003, +8.485851E+001, -2.620780E+001
 +1.802700E+003, +8.486509E+001, -2.702160E+001
 +1.834200E+003, +8.487199E+001, -2.784240E+001
 +1.866200E+003, +8.487923E+001, -2.867050E+001
 +1.898800E+003, +8.488682E+001, -2.950610E+001
 +1.931900E+003, +8.489476E+001, -3.034940E+001
 +1.965700E+003, +8.490305E+001, -3.120070E+001
 +2.000000E+003, +8.491170E+001, -3.206010E+001
 +2.034900E+003, +8.492072E+001, -3.292780E+001
 +2.070500E+003, +8.493011E+001, -3.380420E+001
 +2.106600E+003, +8.493987E+001, -3.468940E+001
 +2.143400E+003, +8.495002E+001, -3.558360E+001
 +2.180800E+003, +8.496055E+001, -3.648710E+001
 +2.218900E+003, +8.497147E+001, -3.740010E+001
 +2.257700E+003, +8.498277E+001, -3.832280E+001
 +2.297100E+003, +8.499447E+001, -3.925550E+001
 +2.337200E+003, +8.500656E+001, -4.019820E+001
 +2.378000E+003, +8.501905E+001, -4.115140E+001
 +2.419600E+003, +8.503192E+001, -4.211500E+001
 +2.461800E+003, +8.504519E+001, -4.308950E+001
 +2.504800E+003, +8.505885E+001, -4.407500E+001
 +2.548500E+003, +8.507289E+001, -4.507160E+001
 +2.593100E+003, +8.508732E+001, -4.607970E+001
 +2.638300E+003, +8.510212E+001, -4.709930E+001
 +2.684400E+003, +8.511730E+001, -4.813060E+001
 +2.731300E+003, +8.513284E+001, -4.917400E+001
 +2.779000E+003, +8.514873E+001, -5.022940E+001
 +2.827500E+003, +8.516496E+001, -5.129710E+001
 +2.876900E+003, +8.518153E+001, -5.237730E+001
 +2.927100E+003, +8.519842E+001, -5.347010E+001
 +2.978300E+003, +8.521561E+001, -5.457560E+001
 +3.030300E+003, +8.523309E+001, -5.569390E+001
 +3.083200E+003, +8.525085E+001, -5.682530E+001
 +3.137000E+003, +8.526886E+001, -5.796970E+001
 +3.191800E+003, +8.528711E+001, -5.912720E+001
 +3.247600E+003, +8.530557E+001, -6.029810E+001
 +3.304300E+003, +8.532423E+001, -6.148220E+001
 +3.362000E+003, +8.534306E+001, -6.267960E+001
 +3.420700E+003, +8.536203E+001, -6.389040E+001
 +3.480400E+003, +8.538113E+001, -6.511450E+001
 +3.541200E+003, +8.540033E+001, -6.635190E+001
 +3.603000E+003, +8.541959E+001, -6.760260E+001
 +3.666000E+003, +8.543890E+001, -6.886660E+001
 +3.730000E+003, +8.545823E+001, -7.014370E+001
 +3.795100E+003, +8.547754E+001, -7.143370E+001
 +3.861400E+003, +8.549681E+001, -7.273670E+001
 +3.928800E+003, +8.551602E+001, -7.405230E+001
 +3.997400E+003, +8.553514E+001, -7.538040E+001
 +4.067200E+003, +8.555414E+001, -7.672080E+001
 +4.138300E+003, +8.557298E+001, -7.807320E+001
 +4.210500E+003, +8.559165E+001, -7.943740E+001
 +4.284100E+003, +8.561012E+001, -8.081300E+001
 +4.358900E+003, +8.562837E+001, -8.219970E+001
 +4.435000E+003, +8.564636E+001, -8.359710E+001
 +4.512500E+003, +8.566408E+001, -8.500490E+001
 +4.591300E+003, +8.568150E+001, -8.642250E+001
 +4.671400E+003, +8.569859E+001, -8.784960E+001
 +4.753000E+003, +8.571534E+001, -8.928560E+001
 +4.836000E+003, +8.573171E+001, -9.073010E+001
 +4.920500E+003, +8.574769E+001, -9.218260E+001
 +5.006400E+003, +8.576324E+001, -9.364240E+001
 +5.093800E+003, +8.577833E+001, -9.510900E+001
 +5.182800E+003, +8.579294E+001, -9.658170E+001
 +5.273300E+003, +8.580703E+001, -9.806010E+001
 +5.365400E+003, +8.582055E+001, -9.954330E+001
 +5.459100E+003, +8.583346E+001, -1.010307E+002
 +5.554400E+003, +8.584571E+001, -1.025217E+002
 +5.651400E+003, +8.585722E+001, -1.040155E+002
 +5.750100E+003, +8.586792E+001, -1.055113E+002
 +5.850500E+003, +8.587773E+001, -1.070083E+002
 +5.952700E+003, +8.588655E+001, -1.085058E+002
 +6.056700E+003, +8.589425E+001, -1.100028E+002
 +6.162400E+003, +8.590071E+001, -1.114985E+002
 +6.270000E+003, +8.590577E+001, -1.129918E+002
 +6.379500E+003, +8.590925E+001, -1.144818E+002
 +6.490900E+003, +8.591096E+001, -1.159672E+002
 +6.604300E+003, +8.591068E+001, -1.174469E+002
 +6.719600E+003, +8.590816E+001, -1.189194E+002
 +6.837000E+003, +8.590314E+001, -1.203832E+002
 +6.956400E+003, +8.589531E+001, -1.218366E+002
 +7.077900E+003, +8.588438E+001, -1.232777E+002
 +7.201500E+003, +8.587000E+001, -1.247042E+002
 +7.327200E+003, +8.585184E+001, -1.261137E+002
 +7.455200E+003, +8.582953E+001, -1.275032E+002
 +7.585400E+003, +8.580273E+001, -1.288695E+002
 +7.717800E+003, +8.577112E+001, -1.302089E+002
 +7.852600E+003, +8.573438E+001, -1.315171E+002
 +7.989800E+003, +8.569228E+001, -1.327894E+002
 +8.129300E+003, +8.564466E+001, -1.340204E+002
 +8.271300E+003, +8.559146E+001, -1.352044E+002
 +8.415700E+003, +8.553277E+001, -1.363351E+002
 +8.562700E+003, +8.546889E+001, -1.374060E+002
 +8.712200E+003, +8.540031E+001, -1.384104E+002
 +8.864300E+003, +8.532782E+001, -1.393419E+002
 +9.019100E+003, +8.525247E+001, -1.401948E+002
 +9.176600E+003, +8.517563E+001, -1.409646E+002
 +9.336900E+003, +8.509895E+001, -1.416488E+002
 +9.500000E+003, +8.502435E+001, -1.422471E+002
 +9.665900E+003, +8.495389E+001, -1.427627E+002
 +9.834700E+003, +8.488969E+001, -1.432024E+002
 +1.000640E+004, +8.483373E+001, -1.435765E+002
 +1.018120E+004, +8.478775E+001, -1.438993E+002
 +1.035890E+004, +8.475302E+001, -1.441881E+002
 +1.053990E+004, +8.473024E+001, -1.444623E+002
 +1.072390E+004, +8.471951E+001, -1.447419E+002
 +1.091120E+004, +8.472027E+001, -1.450465E+002
 +1.110170E+004, +8.473144E+001, -1.453940E+002
 +1.129560E+004, +8.475152E+001, -1.457993E+002
 +1.149290E+004, +8.477878E+001, -1.462742E+002
 +1.169360E+004, +8.481140E+001, -1.468269E+002
 +1.189780E+004, +8.484764E+001, -1.474622E+002
 +1.210560E+004, +8.488596E+001, -1.481824E+002
 +1.231700E+004, +8.492505E+001, -1.489872E+002
 +1.253210E+004, +8.496388E+001, -1.498752E+002
 +1.275090E+004, +8.500168E+001, -1.508437E+002
 +1.297360E+004, +8.503791E+001, -1.518897E+002
 +1.320020E+004, +8.507217E+001, -1.530102E+002
 +1.343070E+004, +8.510418E+001, -1.542027E+002
 +1.366520E+004, +8.513364E+001, -1.554649E+002
 +1.390390E+004, +8.516023E+001, -1.567953E+002
 +1.414670E+004, +8.518348E+001, -1.581927E+002
 +1.439370E+004, +8.520276E+001, -1.596564E+002
 +1.464510E+004, +8.521722E+001, -1.611857E+002
 +1.490080E+004, +8.522573E+001, -1.627796E+002
 +1.516100E+004, +8.522692E+001, -1.644357E+002
 +1.542580E+004, +8.521916E+001, -1.661498E+002
 +1.569520E+004, +8.520069E+001, -1.679145E+002
 +1.596930E+004, +8.516984E+001, -1.697182E+002
 +1.624820E+004, +8.512529E+001, -1.715445E+002
 +1.653190E+004, +8.506658E+001, -1.733727E+002
 +1.682060E+004, +8.499456E+001, -1.751796E+002
 +1.711440E+004, +8.491168E+001, -1.769442E+002
 +1.741320E+004, +8.482201E+001, -1.786537E+002
 +1.771730E+004, +8.473045E+001, +1.796909E+002
 +1.802670E+004, +8.464160E+001, +1.780726E+002
 +1.834150E+004, +8.455847E+001, +1.764604E+002
 +1.866190E+004, +8.448166E+001, +1.748171E+002
 +1.898780E+004, +8.440927E+001, +1.731076E+002
 +1.931930E+004, +8.433755E+001, +1.713059E+002
 +1.965670E+004, +8.426176E+001, +1.693977E+002
 +2.000000E+004, +8.417708E+001, +1.673806E+002
